# step time total_mass total_momentum_x total_momentum_y total_energy
0 0 200.23427575617237 200.23427575617237 2.0023427575617241 9039.1573267161475
100 0.19614848889449352 200.2341937258056 199.15841923318479 1.8461090784681375 9039.1513963201814
200 0.39275410767081859 200.23399094212954 198.80475058375842 1.6951594241446755 9039.1377448888943
300 0.5896845961513475 200.23344228157976 198.66477471739137 1.5452859130974905 9039.1032432234642
400 0.7882834807077278 200.23563043322571 198.55045445468181 1.3945342801201495 9039.2394591972079
500 0.98860127470914017 200.2192728441417 198.3403365498892 1.2420555259378991 9038.1837598715902
600 1.1887837906620762 200.26655939234752 198.39890013235328 1.0927801773287404 9041.298583545693
700 1.3889049468588635 200.41634392909353 198.9423913643046 0.95486991063480031 9051.2463407768555
800 1.5889822921353904 200.42063341292811 199.31655966591256 0.8248202472894095 9052.0720584952942
900 1.7890575762658785 200.2671307669132 199.53943748323323 0.69533523233233918 9042.9163224430049
1000 1.9891480076917318 200.13521488240849 199.71298983389457 0.56432582152264288 9035.0168816811074
1100 2.1892346936861511 200.09929974437247 199.73166914226724 0.43602707423772064 9032.9390541379416
1200 2.3893038707555774 200.12078312701286 199.63309899658321 0.31813035326118316 9034.3247164761942
1300 2.5893625146248267 200.14930458515039 199.53483579578599 0.21870203879616151 9036.1501394051629
1400 2.7894149604385943 200.16632261912514 199.48647645107457 0.14406562651276697 9037.307181067652
1500 2.9894529565931469 200.17396026193629 199.47490007151879 0.095422532330303705 9037.9176484172476
1600 3.1894566876597175 200.1773149248092 199.47861599065126 0.068755836919960761 9038.2803299679599
1700 3.3894689459373284 200.17883419933088 199.49359497973359 0.057643552699660205 9038.5375035635934
1800 3.5895064086858812 200.17917526210636 199.51779440914567 0.054427239887824268 9038.725293169864
1900 3.7895542182031638 200.17845120011054 199.54548828128475 0.051834950705494223 9038.8476922999416
2000 3.9895954438277181 200.1765716763382 199.57123587461132 0.045779051500117858 9038.8960139763531
2100 4.1896248119643733 200.17272476249101 199.58873405789373 0.036159374404216099 9038.8142703650792
2200 4.3896480814542658 200.16520002849776 199.59196894221876 0.024962653299955877 9038.4901634612288
2300 4.5896699928656473 200.154010984308 199.58385616065596 0.013937732747323663 9037.9267395353381
2400 4.7896910946209372 200.14248408001134 199.57395357220975 0.0038790370551043118 9037.3392452935022
2500 4.9897104897796956 200.13429994286105 199.56615232371297 -0.0048353589943010769 9036.9599649884713
2600 5.1897277586802613 200.13041507608582 199.55928856241789 -0.011812843436536543 9036.847663662862
2700 5.3897432070412785 200.12906397106542 199.55325752290923 -0.016795531447571784 9036.8930856727929
2800 5.5897574084006312 200.12793720001829 199.54912269477168 -0.019893508801689008 9036.9538573496302
2900 5.7897707866120482 200.1259614081429 199.54704986026169 -0.021448841942623122 9036.9632634556638
3000 5.9897836299172154 200.12326215883058 199.54595417777196 -0.021785062420408945 9036.9279556530346
3100 6.1897962918498752 200.1202629162855 199.54451689804182 -0.021266062653433462 9036.8729740809831
3200 6.3938913680673792 200.11711502967327 199.54192327985453 -0.020490464306324351 9036.8096401248476
3300 6.5979873477395179 200.11390696458542 199.53794841127058 -0.020216399512462652 9036.7405344556792
3400 6.8020417318824382 200.11063124168797 199.53254913280367 -0.0207964606741535 9036.6651189572749
3500 7.006125894632631 200.10730451922603 199.52575526088106 -0.021971138278234929 9036.5844217139511
3600 7.2102108793950261 200.1039586019275 199.51770193312819 -0.023213158396138731 9036.5003635206322
3700 7.4142965986228671 200.10063573820975 199.50869398031421 -0.024165875477180049 9036.4156651669782
3800 7.6183829798186098 200.0973988740954 199.49922157458838 -0.024757308328047158 9036.334527553634
3900 7.8224699432923117 200.09430458306238 199.48978133757413 -0.025070344120362922 9036.2607864893198
4000 8.0265574160186386 200.09135277967329 199.48060835886326 -0.025222964381855506 9036.1945189122853
4100 8.2306453504079045 200.08848424278051 199.47160506139321 -0.025339199499640835 9036.13181016614
4200 8.4347337285136916 200.08563825386244 199.46251165883936 -0.025550746302888921 9036.0684993655505
4300 8.6388225555495826 200.08280283453814 199.45310466014197 -0.025981185860136875 9036.0035016136098
4400 8.8429118499019861 200.08000885566398 199.44327273799905 -0.02671632839992294 9035.938524223955
4500 9.0470016340855501 200.07729200883156 199.43299869679967 -0.027781504498190862 9035.8756868161217
4600 9.2510919270153558 200.07466882515149 199.42232463243388 -0.029138297347556033 9035.8159917244375
4700 9.4551827369150061 200.07213873024747 199.41132722586227 -0.030699435945848674 9035.7594221866602
4800 9.6592740562732953 200.06969536118555 199.40009862525764 -0.032350872341981321 9035.7056237693923
4900 9.8633658596343015 200.06733284058427 199.38873101559204 -0.033970116232536388 9035.6542774573154
5000 10.067458101201401 200.06504612970201 199.37730674908244 -0.035437565558963283 9035.6051113389894
5100 10.271550710755628 200.06283001069798 199.36589377901629 -0.036643286680173262 9035.5578332906716
5200 10.475643591031458 200.06067912499302 199.3545450338452 -0.037491583898760478 9035.5121331572027
5300 10.679736622007203 200.0585888063622 199.34330046621875 -0.037904087524694485 9035.46773607043
5400 10.883829671588751 200.05655593759676 199.33219041169238 -0.037822358995542454 9035.424457907
5500 11.087922608130992 200.05457955305243 199.32123920813964 -0.037211044003284718 9035.3822454873061
5600 11.292015310200469 200.05266102000351 199.31046854767553 -0.036061113447120832 9035.3411909182396
5700 11.496107673457674 200.05080347181976 199.29989978935063 -0.034392091690556348 9035.3014988781451
5800 11.700000000000001 200.04901218738286 199.28956473999929 -0.032254534661188994 9035.2634406870056
5900 11.904089859577141 200.04728617522909 199.27946484232612 -0.029719199122968804 9035.2271147132196
6000 12.108179793798575 200.04562791143221 199.26963037916624 -0.026885944056824151 9035.1926215752392
6100 12.31226974312195 200.04403657549949 199.2600787017704 -0.023871076469799218 9035.1599292388491
6200 12.516359662885153 200.0425105986871 199.25082338453555 -0.020803814093264539 9035.1289581357851
6300 12.720449525101595 200.04104829822296 199.24187389078543 -0.017820325759060618 9035.0996202028982
6400 12.924539319006051 200.03964812056773 199.23323585006639 -0.015057711386285283 9035.0718344324632
6500 13.128629050453362 200.03830863439819 199.22491164060543 -0.012648171616456622 9035.0455273856987
6600 13.332718740305674 200.0370284806794 199.21690098267712 -0.010713429424529797 9035.0206313252365
6700 13.536808422167445 200.0358063656823 199.20920148192832 -0.0093596009557933568 9034.9970852358947
6800 13.740898140048108 200.03464107257793 199.2018091246689 -0.008672751128068229 9034.9748371755468
6900 13.944987945075146 200.03353144712449 199.19471871488267 -0.0087149340005870379 9034.9538450635973
7000 14.149077892300353 200.03247634042873 199.18792427661805 -0.0095211027287102901 9034.9340745975151
7100 14.353168038302165 200.03147452161483 199.18141924186543 -0.011096614278635786 9034.9154948245377
7200 14.557258436993806 200.03052459619684 199.17519658159779 -0.013415089540716962 9034.8980734892939
7300 14.761349136870045 200.02962494925043 199.16924885307839 -0.016417363493118481 9034.8817732260613
7400 14.96544017863426 200.0287737536795 199.16356839278609 -0.020011249625674604 9034.8665512482439
7500 15.16953159219501 200.02796902673975 199.15814756556276 -0.024072173334442393 9034.8523614999249
7600 15.373623394524937 200.02720870529774 199.1529790164625 -0.028445239011934381 9034.8391575369405
7700 15.577715587990181 200.02649071301596 199.148055880931 -0.032948717689429807 9034.826894631211
7800 15.781808159468635 200.02581300593863 199.14337186637562 -0.037378880992980229 9034.8155304223837
7900 15.985901078820774 200.02517360176557 199.1389212778239 -0.04151639241927646 9034.8050246938874
8000 16.189994299575773 200.02457059759328 199.13469896758539 -0.045133860329208131 9034.7953387557118
8100 16.394087759476729 200.02400217559446 199.13070014589806 -0.048004661797179937 9034.7864344840855
8200 16.598181381608523 200.02346660351037 199.12692013864358 -0.049912631890257991 9034.7782735361834
8300 16.802045514738388 200.02296278212552 199.12335804178792 -0.050661718090739494 9034.7708248933468
8400 17.006136693686813 200.02248800758591 199.12000072833388 -0.050087969187266962 9034.7640317775913
8500 17.210228038890843 200.02204134403988 199.11684661110851 -0.048063680463678232 9034.7578615225975
8600 17.414319501850464 200.02162132563885 199.11388944871234 -0.044510215695650002 9034.7522713501239
8700 17.618411025849106 200.02122652978863 199.11112240541473 -0.039403324612829083 9034.747217590646
8800 17.822502548429856 200.02085558097022 199.10853807632353 -0.032778249722452912 9034.7426567104903
8900 18.026594004202774 200.02050714251297 199.10612853047871 -0.024732224101968375 9034.7385453856114
9000 18.230685327970196 200.02017992293827 199.10388546705067 -0.01542469074773048 9034.734841350526
9100 18.434776457931264 200.01987268654426 199.10180037620532 -0.0050751978059572767 9034.7315042784012
9200 18.638867338966136 200.01958426839394 199.09986467746538 0.0060415057183424992 9034.7284967839096
9300 18.842957925742859 200.01931358883652 199.09806985336246 0.017602814577836828 9034.7257852868315
9400 19.04704818545753 200.01905966815806 199.09640759570394 0.029247840003329917 9034.7233408571883
9500 19.251138100512129 200.01882163109855 199.09486988058191 0.040588931843615339 9034.7211394962815
9600 19.455227670072503 200.01859869679956 199.09344897011923 0.051224970178583129 9034.719161615445
9700 19.659316911546476 200.01839016355888 199.09213749207066 0.060755708808477749 9034.7173913074748
9800 19.863405860225807 200.01819539508418 199.09092842991066 0.068796728250221095 9034.7158158664988
9900 20.06749456969559 200.01801381188045 199.08981511118023 0.074994270013500869 9034.7144257831915
10000 20.271583110492799 200.01784485592034 199.0887910855304 0.079039550824085092 9034.713213052537
10100 20.475671567879299 200.01768796086137 199.08785009854734 0.080682243825315414 9034.7121698731171
10200 20.67976003889471 200.01754253055364 199.08698603894845 0.079742293917591106 9034.7112877507643
10300 20.883848628720354 200.01740791883083 199.0861929936687 0.076119340168840838 9034.7105564912417
10400 21.087937447534319 200.01728341701141 199.08546527454334 0.069799584761840922 9034.7099634461301
10500 21.292026604607795 200.01716826919699 199.08479750831586 0.060860135556793038 9034.7094942498497
10600 21.496116204723315 200.01706168500007 199.08418465989797 0.049469984048661098 9034.7091330661206
10700 21.700000000000003 200.01696295337919 199.08362269502712 0.035902798250906892 9034.7088631904335
10800 21.904090092402402 200.01687107299324 199.08310645909827 0.020474523726422972 9034.7086665043171
10900 22.108180297993325 200.0167853819452 199.08263310826865 0.0036174868268136762 9034.7085260837193
11000 22.312270682545023 200.01670519370498 199.0821998567983 -0.014183893290442035 9034.7084267406044
11100 22.516361303293749 200.01662993461693 199.08180452818914 -0.032394419459847473 9034.7083566613492
11200 22.720452205442495 200.01655917557261 199.08144551311781 -0.050444465400083766 9034.7083089450862
11300 22.924543419461965 200.01649263733125 199.08112165362016 -0.06774818373938582 9034.7082818623894
11400 23.128634958300047 200.01643017299176 199.08083207808457 -0.083723021575416195 9034.7082780463461
11500 23.332726816050741 200.01637175104898 199.08057606265487 -0.09780958671160217 9034.7083041586666
11600 23.536818966984068 200.01631742693073 199.08035286062585 -0.10949121339375359 9034.7083701547181
11700 23.740911366043484 200.01626729682894 199.08016146895955 -0.11831316492763069 9034.7084876403733
11800 23.945003949320249 200.01622144373687 199.08000044816319 -0.12390013834524491 9034.7086677887037
11900 24.149096636179181 200.01617988643497 199.0798678250265 -0.12597151137780074 9034.7089193547708
12000 24.353189331525659 200.01614252821838 199.07976115658568 -0.12435368545952261 9034.7092463630615
12100 24.557281930361061 200.01610913425316 199.07967759751227 -0.11898912268719261 9034.7096472615667
12200 24.761374321587464 200.01607932408561 199.07961396224707 -0.1099415874755518 9034.710114521924
12300 24.965466392525588 200.01605256989646 199.07956680035349 -0.097397702220055393 9034.7106339752736
12400 25.169558034511013 200.01602823292041 199.07953266255177 -0.081664281614861195 9034.7111861961985
12500 25.373649148614728 200.01600560496939 199.07950830590573 -0.063161548326802458 9034.7117477716838
12600 25.577739650769306 200.01598396560877 199.07949090510027 -0.042412616879955178 9034.7122932900402
12700 25.781829476200979 200.01596265708037 199.0794782142228 -0.020029246890491681 9034.7127984029376
12800 25.985918583954739 200.01594116191791 199.07946864281968 0.0033062316014381699 9034.7132432159779
12900 26.190006961520446 200.01591915906604 199.07946129287208 0.026861273270466973 9034.7136147368747
13000 26.394094627276427 200.01589654879501 199.07945594031756 0.049875782878511687 9034.7139079431345
13100 26.598181631238944 200.01587346039227 199.07945290510767 0.07158669761846248 9034.7141264238089
13200 26.802045338626684 200.01585025884657 199.07945276648456 0.091233026059013955 9034.7142818709726
13300 27.006135740926794 200.015827402865 199.07945621596619 0.10816520142903202 9034.714393666507
13400 27.21022578431802 200.01580553844755 199.07946382903361 0.12173817462353437 9034.7144860441622
13500 27.41431549853618 200.01578532260152 199.07947589748039 0.13142387593391761 9034.7145865125822
13600 27.618404935772094 200.01576733812675 199.07949213649869 0.1368083988588254 9034.7147208006572
13700 27.822494168676172 200.0157520100891 199.07951173974766 0.13760890831614747 9034.71490951331
13800 28.026583288163561 200.01573953850266 199.07953335750815 0.13368588527291606 9034.7151651790082
13900 28.230672398732448 200.01572986960568 199.07955524345311 0.12505143747056804 9034.7154910655754
14000 28.434761613649243 200.01572268098613 199.07957539542085 0.11187266094810175 9034.715879956846
14100 28.638851050500151 200.0157174112683 199.07959180149126 0.09446964270395658 9034.7163148958898
14200 28.842940824186549 200.01571332978034 199.07960277009647 0.073309149302478865 9034.7167718001838
14300 29.047031040820066 200.01570960973598 199.07960721253801 0.048993077757461811 9034.7172217024963
14400 29.251121792764906 200.01570543053128 199.07960492430459 0.022241974798087816 9034.7176345994285
14500 29.455213153714077 200.01570009372742 199.07959668817244 -0.006125646559271114 9034.7179842332134
14600 29.65930517184804 200.01569311544921 199.07958419286737 -0.035217674073233368 9034.7182517284073
14700 29.863397865737973 200.01568429938391 199.07957008340603 -0.064095815356142033 9034.7184288065419
14767 30 200.01567742291499 199.079561408557 -0.082830080421320534 9034.7184984219966
