# step time total_mass total_momentum_x total_momentum_y total_energy
0 0 8.604832310028705 26.022611146303344 -15.024161550335187 265.41074635563012
20 0.001623291633821455 8.729060870405041 27.097816272918745 -15.64130123612923 275.97182272255952
40 0.0032201315898705133 8.8523107645872212 28.162962590955626 -16.244919846757924 286.45055390773712
60 0.0048159883407013857 8.9763334332007787 29.233484772885809 -16.845265148159889 296.99712344519628
80 0.0064141808048557326 9.101364787675168 30.311537533819084 -17.444388437383541 307.62985747697741
100 0.0079897216420414339 9.2256215829114403 31.381471512989911 -18.031962993725571 318.19487552957304
120 0.0095189561164271477 9.3472503405451253 32.427391229746135 -18.599247176011776 328.53656656180681
140 0.011003066737372899 9.4661693953128765 33.448819245803286 -19.14717695936702 338.64835038187357
160 0.012446472271024113 9.5825745085870615 34.447717061757366 -19.677629676612192 348.54643402495066
180 0.013846789689706386 9.6962475503149665 35.422263956708548 -20.189768799515424 358.2115370807096
200 0.015216227413107719 9.8081253010938187 36.380578659592359 -20.688130079743125 367.72439101827467
220 0.016567331933804434 9.9192062282120474 37.331268330459807 -21.177211413356915 377.17123620990481
240 0.017905454426039011 10.029891330163483 38.277758209824768 -21.658942040842945 386.58540507864359
260 0.019234941625078428 10.140516406620648 39.222838363199941 -22.135625434638584 395.99428095985718
280 0.020558795491034718 10.251300543651457 40.168392552825289 -22.60831445148035 405.41591621279667
300 0.021878967489840886 10.362417109736342 41.115839471913539 -23.077972565208526 414.86476279916678
320 0.023198362782986769 10.4741257532117 42.067385537511818 -23.545613499842393 424.36291118387123
340 0.024518763398418682 10.586611780689967 43.024658597631102 -24.011683334945168 433.92703953021771
360 0.025840787833229434 10.699903533560942 43.987950139415382 -24.475976324461623 443.55994333990907
380 0.027164413725278953 10.814024038118063 44.957418370160006 -24.938641979615593 453.26344639486484
400 0.028487542207839008 10.928752769294244 45.931247123068644 -25.398880344067937 463.01893144803262
420 0.029809811319718438 11.044065443982225 46.909242617683219 -25.856611463551779 472.8247138783334
440 0.031131366600599175 11.160004137327235 47.891708599415793 -26.312147940378566 482.68420841855857
460 0.032452097825661191 11.276530920343648 48.878307188108984 -26.76552899705014 492.5934894730658
480 0.033770482276476596 11.393476349449951 49.867604566998331 -27.216106656338845 502.53776333862356
500 0.035085611795414758 11.510764583529635 50.858958100604589 -27.663544592606748 512.51068026541361
520 0.036399102618234543 11.628548097357157 51.853673074277786 -28.108364895421637 522.52558176194543
540 0.037711677916539531 11.746901785908062 52.852380300090111 -28.550778200323151 532.58896647862196
560 0.039021960688064523 11.865744334969456 53.854345781545881 -28.990567592413928 542.69385115123828
580 0.040329809220787688 11.98502540719198 54.859242834817323 -29.427426262895764 552.83631665253563
600 0.041635656145006174 12.10478450826017 55.867405305663112 -29.861375145654321 563.01988088685289
620 0.042940344698514335 12.22508542207941 56.879366664304733 -30.292645082342013 573.24968483162377
640 0.044244441416907844 12.345957371985449 57.895405866325262 -30.721567251995211 583.52808845596599
660 0.045548188644520954 12.467449564499663 58.9158991918138 -31.148522429683528 593.85919992903382
680 0.046852035257518437 12.589602281944707 59.941202849694065 -31.573587202416629 604.24644634703702
700 0.048156592077281929 12.712451071573756 60.971622111418881 -31.996776334269402 614.69255615449447
720 0.049462176390007821 12.836021776034322 62.007364413699875 -32.418209378106901 625.19945207970659
740 0.050718737068928266 12.955516753250818 63.008317427740621 -32.821744385132064 635.3594901913084
760 0.052026119230014385 13.080507353807656 64.054580918397789 -33.239970296420914 645.9865595426146
780 0.053333844019402617 13.206187699289645 65.105923019422022 -33.656520326634976 656.67220622143668
800 0.054641647069628367 13.332501426722596 66.161912573740409 -34.071078842161477 667.41172219338637
820 0.055949270268731581 13.459422387659634 67.222374732166017 -34.48347928269596 678.20301271960841
840 0.057256595087476457 13.586948456981133 68.287298859380613 -34.893754822613033 689.04600903547646
860 0.058563660949230233 13.715101315027317 69.356766065590378 -35.302020409849739 699.94238152383218
880 0.059870402439034673 13.843887427401167 70.43073862140696 -35.708237833822359 710.89240723429691
900 0.061176806914238956 13.973282588825617 71.509035519958815 -36.112161559273119 721.8941250276838
920 0.062482910046794245 14.103283010555389 72.591666599515008 -36.513710249227195 732.94749737415293
940 0.063788887869027977 14.23390514166041 73.678788238182932 -36.913022319179078 744.0540310419558
960 0.06509477849885513 14.365163406388712 74.770495517030753 -37.310303412819763 755.21478466345934
980 0.066400416061759809 14.49708299082759 75.866932952089456 -37.705723921254027 766.43173431370212
1000 0.067705756094859404 14.629619506311519 76.967799805165654 -38.098937658663331 777.70132444477986
1020 0.069010326783963363 14.762703681132413 78.072543702498507 -38.489691070620509 789.01749429688209
1040 0.070313881016126928 14.896302473897636 79.180886841875093 -38.878025311878282 800.37714173069787
1060 0.071616477084909966 15.030435363937498 80.292977667108659 -39.264166931834595 811.78199747951351
1080 0.07291809159020049 15.165150334141094 81.409163750359681 -39.648354917107248 823.23641116541
1100 0.074218564250626465 15.300386804717146 82.529000535446045 -40.030165239429138 834.7354181918746
1120 0.075517827579312247 15.436127718774822 83.652328588371432 -40.409532234132939 846.27720586105772
1140 0.076816065604954339 15.572379528262893 84.77922368991581 -40.786413923092248 857.86228601941468
1160 0.078113552988263057 15.709175661038451 85.909975779651774 -41.160927754141497 869.49370148436367
1180 0.079410416694990799 15.846584580154056 87.045076498500009 -41.533488648649211 881.17712586182176
1200 0.080706571027489404 15.984546311446026 88.184093969935489 -41.903798979895207 892.90762136281751
1220 0.082001817337555225 16.123048899706802 89.326911319318896 -42.271930182661698 904.68405101861833
1240 0.08329603205435035 16.262052008151237 90.473222969788537 -42.637641226036237 916.50308371615563
1260 0.084589335704764207 16.401592097259698 91.623287390944199 -43.001063717894823 928.36760686666912
1280 0.085881984790767391 16.541726942863342 92.777545364349805 -43.36247297032417 940.28227826786622
1300 0.087174082624658852 16.68242169694896 93.935790884516564 -43.721591603858919 952.24449550657584
1320 0.088465537141120584 16.823673111783148 95.098001321795607 -44.078396086373523 964.25414751265942
1340 0.089755908788244215 16.965429269406073 96.263762349011131 -44.432809753082743 976.30683838167863
1360 0.091044671077605777 17.107647499409509 97.432682757517043 -44.784904533112936 988.39872240893965
1380 0.092331711212987708 17.250322455984378 98.604691281129689 -45.134757297606832 1000.5291525808643
1400 0.093617535622076045 17.393483642187672 99.780068912458972 -45.482327029749577 1012.7007398893084
1420 0.094903032407764376 17.537215681514898 100.95955968050325 -45.827713593431078 1024.9210011551368
1440 0.096188964961059054 17.681618856513339 102.14399066606839 -46.171127973689075 1037.1986259585551
1460 0.097475479481868396 17.826748241932687 103.33377145545035 -46.512744886214577 1049.5381766942271
1480 0.098761890459645479 17.972493287026349 104.52804595294737 -46.852154655041993 1061.930419411193
1500 0.10000000000000001 18.113350074377511 105.68174811788178 -47.176808948725615 1073.9071781091711
1520 0.1012838489705631 18.259997553199764 106.88235267919885 -47.511393033664454 1086.3761715802402
1540 0.10256696964228727 18.407191957300007 108.08684374044822 -47.843993316894348 1098.8911784657873
1560 0.10385025380535941 18.555048042146911 109.29619777141873 -48.174833273773537 1111.4624455933053
1580 0.10513292633347443 18.703441673859956 110.50947352053694 -48.50333754403772 1124.08000875784
1600 0.10641530105560607 18.85242116800713 111.7270413899618 -48.82967603625395 1136.7479667160408
1620 0.10769772227782677 19.002011391537941 112.94908539381247 -49.153961593794108 1149.4684023999964
1640 0.10898006748250001 19.152261596589664 114.17589082519282 -49.476690239831804 1162.245068900879
1660 0.11026172753134443 19.303043006983636 115.40642836660652 -49.797341025405387 1175.0666738954894
1680 0.11154206475160755 19.454277595076594 116.64005953458042 -50.115674146771603 1187.926560408737
1700 0.11282109086652843 19.605969431676286 117.87686876731024 -50.431591047610212 1200.8257410625467
1720 0.11409944377129551 19.758216738973491 119.11763748536654 -50.745289655108337 1213.7727681572849
1740 0.11537790201141838 19.911116009454123 120.36312209677597 -51.05699413046684 1226.775559020537
1760 0.11665669302324889 20.064663758178895 121.61330061859003 -51.366741618055102 1239.8335209871004
1780 0.11793544825785589 20.218812624226516 122.86774154129344 -51.674512801580967 1252.9421576447153
1800 0.11921344305350354 20.373471003243456 124.12566129914264 -51.980144613371351 1266.0932762192128
1820 0.12049022564376455 20.528638738490265 125.38703434034089 -52.283867897112643 1279.287053766159
1840 0.1217659787759698 20.684289539467994 126.65176096469636 -52.585391775542426 1292.5217987394963
1860 0.12304127547262242 20.840479090779095 127.92033549928897 -52.884736866428852 1305.8024877021383
1880 0.12431662489099952 20.99727619294022 129.19332103714035 -53.182096160454314 1319.1350311582214
1900 0.12559214994970205 21.154750187163604 130.47118504359995 -53.477908548722439 1332.5248027367309
1920 0.12686729788585294 21.312790721191497 131.75302823585173 -53.771802354394744 1345.9620050782869
1940 0.12814146772551233 21.471298920295229 133.03809981320748 -54.063445182947412 1359.4385886667569
1960 0.12941455886799616 21.630280189010577 134.32648067640898 -54.352912207053883 1372.9555837237926
1980 0.13068680704699637 21.789780242419699 135.61853740583365 -54.640363870807214 1386.5169063409551
2000 0.13195862935933617 21.949846861163145 136.91466090960964 -54.925834257852244 1400.1266445615977
2020 0.13323041232616226 22.110509185942515 138.21509769976046 -55.209273282065354 1413.7871622486487
2040 0.13450225445084105 22.271784093175242 139.51994401825132 -55.490668067244719 1427.4994467027075
2060 0.1357739051315201 22.433637632224535 140.82891059160005 -55.769909759979697 1441.2603028146109
2080 0.13704525139177504 22.596092498525714 142.14219026627475 -56.047242985810975 1455.0718750100643
2100 0.13831646394836306 22.759111640253039 143.45958667732759 -56.322421351287481 1468.9315285437938
2120 0.1395879080850955 22.922768593078398 144.78167290779319 -56.595751160740676 1482.8456434974194
2140 0.14085993145972603 23.087106798190941 146.10880648856067 -56.867321724423327 1496.8180664863198
2160 0.14213275250310564 23.252200353083492 147.44151956344143 -57.137517772217706 1510.8546485993495
2180 0.1434062873961276 23.417978868653655 148.77926596967995 -57.405904346644945 1524.9490892017284
2200 0.14468012037783654 23.584380440089486 150.12156479141223 -57.672306652146474 1539.0962701847354
2220 0.14595307241989189 23.751272104804031 151.46732925868716 -57.936610185851023 1553.2852193726842
2240 0.14722389854286 23.918532760518215 152.81552791149096 -58.198815992280785 1567.5055915031674
2260 0.14849336123234047 24.086227216246705 154.16671806084778 -58.458786321904412 1581.7631084105008
2280 0.14976221045044785 24.254427612150916 155.52150329236164 -58.716487092382742 1596.06389067944
2300 0.15101479391676687 24.421049654743051 156.86309587848325 -58.968812085213195 1610.2304349013698
2320 0.15228283791032834 24.590371613764439 158.22584920969132 -59.222608382481006 1624.6258524138962
2340 0.15354983072273515 24.760151921950619 159.59180108382932 -59.474312554608986 1639.0600947160183
2360 0.15481549380608209 24.930336625565214 160.96054624791637 -59.723831622210334 1653.5288060548107
2380 0.15608003804832621 25.100975806331427 162.33244852946791 -59.971284141369594 1668.0362735343792
2400 0.15734393843472005 25.272156054144116 163.70818339822455 -60.216816106025128 1682.5897922524732
2420 0.15860763932526845 25.443908934013134 165.0880402676797 -60.46029789417058 1697.1920393609719
2440 0.15987129767830738 25.616232952210304 166.4720208732947 -60.701624808985081 1711.8426592108126
2460 0.1611347830251931 25.789134674353051 167.8601423065424 -60.940987670965377 1726.5421959715202
2480 0.16239777908698463 25.96260011147108 169.25225998326954 -61.178563025586051 1741.2895899440507
2500 0.16366008015255423 26.13657541376022 170.64796009590739 -61.414165949847565 1756.0803888226174
2520 0.16492183742827682 26.311061319906585 172.04727875158201 -61.647715315082806 1770.9147927781698
2540 0.16618338351958423 26.486121999171957 173.45071644225538 -61.87938854322622 1785.7982133590042
2560 0.16744483286454739 26.661794299767198 174.85852807611596 -62.10933818177768 1800.7334417773072
2580 0.16870608110856777 26.83803491881697 176.27039701114182 -62.337346623620462 1815.7167487092449
2600 0.16996681092011259 27.014784047244518 177.68588167220446 -62.563216418359517 1830.7433177298901
2620 0.17122668319050741 27.191996040071039 179.10462892118653 -62.786860375062368 1845.8095092336293
2640 0.17248565815791006 27.369733842740263 180.52705487578464 -63.008687940312022 1860.9203641686918
2660 0.17374415423484299 27.548002876277678 181.95327244758624 -63.228424072565815 1876.0765473807098
2680 0.17500258860704115 27.726843008713928 183.38362082507757 -63.446062417969394 1891.2813857789995
2700 0.17626101702999192 27.906259565260807 184.81813744776485 -63.661605521363938 1906.5351501697551
2720 0.17751921564054021 28.086282856205056 186.25699972916453 -63.875430760899036 1921.8401324174899
2740 0.17877684089875207 28.266807766191022 187.69946155680677 -64.087128913744195 1937.1878376083366
2760 0.18003373782505461 28.447807575484969 189.1453318786933 -64.29665215585274 1952.5761043223069
2780 0.18129030199344742 28.629341210249052 190.59509638675533 -64.504095413534657 1968.0100427346263
2800 0.18254712525506828 28.811549219731905 192.04982063577683 -64.709952428899214 1983.5012428062853
2820 0.18380423488772965 28.994369585253072 193.50909343129044 -64.913848708552948 1999.0445230229734
2840 0.18506131082677335 29.177755729846858 194.97253719781386 -65.11574607496415 2014.6358421651596
2860 0.18631801275543233 29.361677947092417 196.43984928597388 -65.315752361066387 2030.2724443153502
2880 0.18757403525464789 29.546123193579895 197.91084005220674 -65.514042109690024 2045.9529405409967
2900 0.18882951724114805 29.731065939447031 199.38535990849755 -65.710354910184691 2061.6754578662644
2920 0.19008520619880856 29.916618988335859 200.86433288592022 -65.904827184231664 2077.4500441192858
2940 0.19134158469619628 30.102877913614819 202.34849645673924 -66.097676865760732 2093.2848155713227
2960 0.19259852138892369 30.28984852646337 203.83787125007566 -66.289001065585055 2109.1800574942222
2980 0.19385554165390215 30.477413593326716 205.33155789286741 -66.478392459389454 2125.1259152282023
3000 0.19511211428389455 30.665493202037361 206.82890370639672 -66.665719880432377 2141.1157424865696
3020 0.19636793599390914 30.854069253628353 208.32971746579003 -66.851037570336075 2157.1479193571768
3040 0.19762334198697715 31.043206573803012 209.83450526169318 -67.034463455232071 2173.2279228085067
3060 0.19887907607410041 31.232974851175776 211.34386783042831 -67.215862985447586 2189.3617034463005
3078 0.20000000000000001 31.402854253181488 212.69467661635653 -67.37602976903878 2203.8046013678836
